-1
20
62
-4
-27
-2
1
13
28
-4
27
-10
18
29
-10
18
27
4
-44
13
-4
27
-5
11
-19
-9
32
7
46
30
-16
39
57
-10
-31
2
4
65
23
13
-21
-8
10
8
47
44
-42
12
40
33
21
-39
27
9
12
6
0
6
15
-28
35
6
31
18
5
8
-13
4
34
13
6
17
24
33
-9
-13
-4
-27
12
26
-24
0
5
-36
4
37
22
23
1
-11
18
17
-2
-12
47
10
-56
32
5
36
54
132
235
247
400
480
616
699
876
939
942
913
847
703
558
426
272
176
138
113
17
56
6
5
17
19
-14
21
-32
30
26
42
33
17
-3
8
-38
-42
46
11
39
-16
-30
16
-6
37
-28
47
32
15
61
-17
37
-16
0
30
-15
29
-4
-15
15
18
38
53
28
22
-2
2
23
20
24
-16
33
3
17
22
-5
39
16
-3
-34
-4
5
12
11
-36
46
-1
33
7
-3
22
15
32
34
5
0
22
-9
2
6
18
6
-12
67
9
60
-5
22
9
-15
-1
6
2
-19
45
43
69
126
155
294
369
572
705
902
1049
1231
1409
1494
1597
1543
1499
1412
1256
1066
886
690
556
441
266
184
135
73
40
54
1
-18
25
14
35
52
4
2
-16
-10
8
12
2
5
13
7
-14
15
1
19
7
26
-10
44
-60
38
18
1
-33
10
14
-3
10
-37
9
21
-20
5
-6
-13
-14
16
32
-33
3
39
-8
6
-4
16
15
3
35
-25
-4
22
-30
3
18
-26
23
-11
8
23
-23
9
-25
-4
4
15
20
-18
9
31
-67
45
30
31
-12
59
-39
-41
-11
-1
24
17
3
3
29
-3
-11
70
84
-1
-2
62
51
0
18
-10
41
6
62
-49
7
-47
45
-9
55
-38
5
10
-59
49
41
-18
0
-12
16
-3
14
-24
12
-12
23
10
36
21
-45
-10
-17
-43
-8
30
29
3
-21
-24
0
13
14
23
-10
-26
-12
24
-7
21
57
101
129
147
177
226
268
390
497
599
649
796
873
972
1027
1040
1116
1057
1089
980
897
844
750
608
519
425
320
276
191
156
133
89
73
48
-29
73
65
28
-3
9
22
2
-21
33
27
11
17
35
12
-2
7
-10
43
29
36
17
22
19
18
5
16
10
-14
6
-30
37
15
-16
-17
53
10
53
13
15
36
-2
-36
29
30
7
19
34
-8
11
-7
32
17
34
-3
-5
8
1
2
32
-32
10
7
-21
4
17
10
39
0
37
16
58
31
