1ide1,13,AeroXE,AeroXE (mm)14.2185,-9.8615,0.0,37.5,37.5,1.25,0.2,0.2,0.01,1.0,0.1,0,mm,200,0.008,4e-05,0.0,0,0,4e-05,0,6,1,2,4e-05,
1ide1,14,AeroZE,AeroZE (mm)0.5,-13.1,0.0,37.5,37.5,1.25,0.2,0.2,0.01,1.0,0.1,0,mm,200,-0.008,4e-05,0.0,0,0,4e-05,0,6,1,2,-4e-05,
1ide1,38,ImgCHIE,ImgCHIE (deg)10.0,-10.0,0.0,1.66666666667,1.66666666667,0.166666666667,0.3,0.3,0.0,1.0,0.1,0,degrees,1000,0.6,0.0006,0.0,0,0,0.0006,0,7,1,2,0.0006,
1ide1,16,ImgXE,ImgXE (mm)437.137,-4.963,4.92610837438,4.92610837438,0.590551181102,0.0984251968504,0.5,0.3,0.0,1.0,0.5,0,mm,1000,1.015,0.001015,0.0,0,0,0.001015,0,6,1,2,0.001015,
1ide1,31,L1CHIE,L1CHIE (deg)2.4,-1.6,0.0,0.130718954248,0.130718954248,0.0261437908497,0.2,0.2,0.1,1.0,0.1,0,mm,20000,3.825,0.00019125,0.0,0,0,0.00019125,0,8,1,2,0.00019125,
1ide1,30,L1THE,L1THE (deg)1.6,-2.4,0.0,0.166666666667,0.166666666667,0.0333333333333,0.2,0.2,0.01,1.0,0.8,0,mm,5000,3.0,0.0006,0.0,0,0,0.0006,0,6,1,2,0.0006,
1ide1,28,L1YE,L1YE (mm)10.0,-10.0,0.0,2.0,2.0,0.4,0.3,0.3,0.05,1.0,1.00076,0,mm,1000,0.25,0.00025,0.0,0,0,0.00025,0,6,1,2,0.00025,
1ide1,33,L2CHIE,L2CHIE (deg)2.0,-2.0,0.0,13.0718954248,13.0718954248,2.61437908497,0.2,0.2,0.01,1.0,0.1,0,degrees,200,0.03825,0.00019125,0.0,0,0,0.00019125,0,8,1,2,0.00019125,
1ide1,32,L2THE,L2THE (deg)2.0,-2.0,0.0,8.33333333333,8.33333333333,0.833333333333,0.2,0.2,0.0,1.0,0.1,0,degrees,200,-0.12,-0.0006,0.0,0,0,0.0006,0,6,1,2,-0.0006,
1ide1,29,L2YE,L2YE (mm)9.0,-9.0,0.0,0.2,0.2,0.04,0.3,0.3,0.05,1.0,0.1,0,mm,10000,2.5,0.00025,0.0,0,0,0.00025,0,6,1,2,0.00025,
1idb,55,foilB,foil wheel (deg)380.0,-180.0,0.0,0.167,0.166666666667,0.003,0.3,0.3,0.0,1.0,1.08,0,degrees,1000,-360.0,0.36,0.0,0,0,0.36,0,7,1,2,-0.36,
1ide1,42,geXE,geXE (mm)290.5,-20.0,5.90551181102,1.37795275591,0.19685,0.0196850393701,0.5,0.3,0.0,1.0,0.295276,0,mm,2000,-5.08,0.00254,0.0,0,0,0.00254,0,6,1,2,-0.00254,
1ide1,9,mtsXE,mtsXE-below phi (mm)12.0,-8.0,0.0,0.5,0.5,0.2,0.2,0.2,0.0,1.0,0.4,1,mm,5000,2.0,0.0004,0.0,0,0,0.0004,0,6,1,2,0.0004,
1ide1,1,mtsYE1,mtsYE1 (mm)27.0,-25.0,0.5,0.4,0.2,0.1,0.5,0.3,0.0,1.0,0.1,0,mm,1000,-0.762,0.000127,0.0,0,0,0.000762,0,7,1,2,-0.000762,
1ide1,2,mtsYE2,mtsYE2 (mm)10.0,-10.0,0.5,0.4,0.2,0.1,0.5,0.3,0.05,1.0,0.0762,0,mm,1000,0.762,0.000127,0.0,0,0,0.000762,0,6,1,2,0.000762,
1ide1,3,mtsYE3,mtsYE3 (mm)50.0,-20.0,0.5,0.4,0.2,0.1,0.5,0.3,0.05,1.0,0.1,0,mm,1000,0.762,0.000127,0.0,0,0,0.000762,0,6,0,2,0.000762,
1ide1,57,nfBBPHIE,nfBBPHIE (deg)5.0,-5.0,0.0,20.0,20.0,2.0,0.2,0.2,0.0,1.0,0.1,0,degrees,200,0.4,0.002,0.0,0,0,0.002,0,7,1,2,0.002,
1ide1,39,nfBBYE,nfBBYE (mm)1.1,-3.1,0.0,1.0,1.0,0.1,0.3,0.3,0.0,1.0,0.1,0,mm,1000,1.0,0.001,0.0,0,0,0.001,0,7,1,2,0.001,
1ide1,11,nfColYE,nfColYE (mm)41.4335,-100.0,0.0,10.0,10.0,2.0,0.3,0.3,-0.25,1.0,0.1,0,degrees,200,-0.1,-0.0005,0.0,0,0,0.0005,0,6,1,2,-0.0005,
1ide1,12,nfFocus,nfFocus (mm)10.0,-10.0,0.0,0.196850393701,0.196850393701,0.0393700787402,0.3,0.3,0.0508,1.0,1.0,0,mm,1000,2.54,0.00254,0.0,0,0,0.00254,0,6,1,2,0.00254,
1ide1,5,nfTiltXE,nfTiltXE (deg)2.7,-2.7,0.0,1.16825705394,1.16825705394,0.233651410787,0.3,0.3,0.1,1.0,0.1,0,degrees,400,0.427988,0.00106997,0.0,0,0,0.00106997,0,8,1,2,0.00106997,
1ide1,6,nfTiltYE,nfTiltYE (deg)2.3,-2.3,0.0,2.61162066732,2.61162066732,0.522324133464,0.3,0.3,0.1,1.0,0.1,0,degrees,200,0.191452,0.00095726,0.0,0,0,0.00095726,0,8,1,2,0.00095726,
1ide1,59,nfYE,nfYE (mm)5.0,-20.0,0.0,2.5,20.0,0.5,0.2,0.2,0.0,1.0,0.1,0,mm,2000,-0.2,0.0001,0.0,0,0,0.0001,0,6,1,2,-0.0001,
1ide1,63,samPHIE,samPHIE (deg)100.0,-100.0,50.0,50.0,50.0,50.0,0.2,0.2,0.0,1.0,1.0,0,degrees,200,0.02,0.002,0.0,0,0,0.0001,0,6,1,2,0.0001,
1ide1,61,samXE,samXE (mm)100.0,-100.0,0.0,4.0,4.0,1.0,0.5,0.5,0.0,1.0,1.0,0,mm,200,0.05,0.00025,0.0,0,0,0.00025,10,6,1,2,0.00025,
1ide1,10,samYE,samYE-fine Y (mm)0.91,0.2,0.0,0.186567164179,0.186567164179,0.0373134328358,0.2,0.2,0.01,1.0,0.1,0,mm,20000,0.268,1.34e-05,0.0,0,0,1.34e-05,0,8,1,2,1.34e-05,
1ide1,62,samZE,samZE (mm)100.0,-100.0,0.0,4.0,4.0,1.0,0.5,0.5,0.0,1.0,0.1,0,mm,200,0.05,0.00025,0.0,0,0,0.00025,10,6,1,2,0.00025,
1ide1,37,stopXE,stopXE (mm)26.976,-25.94,0.0,5.0,5.0,1.25,0.3,0.3,0.1,1.0,0.5,0,mm,200,-0.4,0.002,0.0,0,0,0.002,0,6,1,2,-0.002,
