44
-4
35
-6
41
22
-7
45
35
1
-7
19
-15
3
-46
-14
15
14
14
11
-28
13
-7
17
20
17
5
-25
-13
40
5
9
35
16
33
29
-6
-5
14
10
12
-44
-15
-23
14
45
8
-16
-26
8
-11
-21
0
-2
-3
40
-16
8
17
17
-14
59
-17
3
3
1
12
30
6
-2
13
-20
51
31
-17
-15
15
-2
39
53
32
0
-27
-3
-4
-15
-31
27
26
-19
-28
14
24
-31
-36
47
-23
0
37
63
97
163
229
314
349
491
661
737
834
925
946
911
816
701
589
407
384
231
205
72
60
45
-9
36
9
19
-31
4
0
7
23
10
8
18
-21
24
15
10
41
28
39
-36
65
-2
-2
29
-57
8
-7
-5
24
-22
14
0
0
-42
20
31
2
49
14
8
21
36
-19
10
-10
6
21
-23
-8
-4
20
38
-27
-31
47
52
7
10
-12
34
0
4
1
16
-35
-14
29
20
-25
8
21
22
27
-47
-17
-14
19
-20
-13
38
-21
48
15
14
36
29
1
12
41
4
26
-26
-2
37
9
85
117
236
233
373
548
697
887
1058
1249
1387
1500
1544
1578
1515
1426
1273
1047
862
693
585
360
290
182
114
81
53
-18
46
-6
7
-7
16
10
16
28
64
-14
7
6
-21
-16
-21
-27
-9
0
34
-13
-15
-7
42
-23
60
43
-6
-16
-12
18
15
-5
-3
14
26
29
42
30
-47
22
9
-5
11
26
51
2
-4
58
-22
-13
4
3
13
-3
20
5
0
23
-12
29
27
-26
-17
-28
-13
-13
-4
67
-9
0
17
-39
0
6
-31
50
-21
11
-14
-28
18
17
20
44
-14
0
11
12
-28
31
49
-49
-14
-24
29
-17
26
38
24
-20
70
-5
35
-34
10
5
18
-44
-1
3
-10
49
36
26
-3
42
15
-1
-60
11
14
30
47
25
26
0
-8
49
49
18
71
-29
33
-4
-16
-16
-31
33
53
13
36
7
35
15
17
-21
29
12
27
46
125
171
212
266
315
406
486
564
732
804
924
979
1039
1070
1103
1073
1069
1021
916
882
724
606
538
418
347
273
200
100
96
67
14
28
19
-22
18
16
-8
0
17
0
-19
-2
24
8
35
6
47
6
26
10
15
33
65
3
5
15
2
-6
-2
57
22
3
8
-3
19
17
-10
14
51
5
11
1
-6
-14
33
-1
-34
65
48
29
23
-3
28
2
-37
1
24
6
17
23
43
-12
-42
1
28
36
24
5
25
-4
-6
-24
-1
5
-7
