-40
2
20
-11
25
-7
-48
11
50
-4
-46
-12
7
7
0
8
-25
11
36
-6
15
0
37
3
-1
-27
16
43
-2
36
-13
-12
55
-26
-9
18
-25
-3
0
-40
-14
17
-34
18
-11
32
34
18
-2
21
-7
-59
3
-14
44
42
21
-20
34
-30
6
19
0
8
-13
25
-4
-3
-75
2
28
11
-9
6
40
12
49
12
11
27
41
0
-3
46
28
24
-15
60
-25
26
15
18
42
-20
36
2
4
-1
30
85
45
152
185
228
393
504
618
778
884
938
930
935
811
709
580
456
351
232
143
44
91
48
73
-31
38
12
27
45
1
24
0
49
15
69
2
-2
-24
-5
24
26
-31
-3
49
52
-1
5
23
5
-19
-2
49
14
18
1
-52
-26
3
0
14
-8
-1
18
-15
49
-5
-15
-5
34
81
-29
16
6
14
-15
9
25
1
8
27
28
17
17
-8
1
14
32
2
26
13
-3
27
-16
-16
-18
-17
17
-15
28
13
4
-11
5
-22
11
-20
-24
17
3
-6
19
11
-43
17
22
-16
67
83
87
130
146
267
382
535
699
887
1086
1245
1390
1464
1605
1598
1493
1387
1230
1066
867
670
535
415
312
176
126
121
46
55
3
0
13
5
19
-15
-1
29
10
-10
30
18
-2
12
28
18
2
36
22
5
47
5
10
0
2
9
-5
26
-35
17
-7
12
13
-38
59
12
-1
24
-27
52
20
37
-15
17
30
15
2
-6
1
14
66
-23
14
7
0
34
17
-5
28
-18
-2
2
-3
21
5
7
33
25
59
24
14
5
33
-3
7
14
12
32
-11
43
0
28
48
2
0
37
-25
8
19
-8
-3
0
-12
-37
9
28
37
-47
25
53
21
-30
10
47
47
21
-12
18
-60
-8
-22
22
-2
77
16
32
-3
23
-29
36
-8
22
4
10
34
-19
-10
36
25
-15
1
15
10
23
-9
-15
42
-23
48
16
4
7
11
12
15
-8
34
52
70
78
125
101
183
234
361
415
502
618
680
829
886
969
1076
1063
1088
1084
1054
996
919
846
765
612
557
417
355
270
175
138
137
67
35
36
-22
30
61
23
-30
-11
-23
1
-44
-2
20
-9
-17
-5
-33
45
-9
20
30
56
47
23
18
10
11
1
1
-4
8
19
1
-1
7
29
12
-9
14
-1
-37
-30
38
13
7
12
23
46
20
5
-6
18
-7
-9
27
-34
-11
-20
5
53
20
37
20
48
-15
-5
6
7
-7
4
51
36
41
30
-13
