-25
35
-22
31
-3
13
-10
34
13
-34
17
7
18
9
-46
47
4
-29
-31
39
11
0
8
28
11
22
-28
10
-16
-31
4
-29
23
0
21
-9
-8
6
-10
2
-20
-3
35
25
14
60
-20
-31
2
15
23
0
18
39
-14
2
-27
6
86
31
32
11
-13
32
38
25
12
46
8
23
9
64
7
1
31
43
-6
-43
9
46
3
48
23
-58
-14
11
0
-27
24
-2
13
19
-9
2
-17
-28
6
3
63
67
131
65
182
240
380
516
635
762
854
971
935
900
838
752
552
494
328
246
162
81
72
62
-10
35
14
-49
19
-10
0
51
12
41
-16
-14
8
-10
12
1
78
7
-1
-11
48
8
41
60
-14
25
22
13
19
-48
3
19
-19
6
7
4
45
26
17
35
-23
31
6
-15
-9
45
5
17
62
34
20
-4
-18
25
34
21
-5
30
-25
41
2
1
-48
30
13
-10
34
69
4
-23
16
46
31
1
-18
-14
20
-13
4
10
21
-1
26
5
-26
9
33
25
14
-7
-6
14
18
6
48
97
114
200
296
391
504
679
876
1049
1211
1353
1485
1529
1601
1546
1398
1264
1083
891
664
497
409
309
244
142
98
27
45
48
-5
0
-4
22
-18
12
27
12
34
-12
23
30
-5
-24
35
-23
-10
44
-33
-4
-6
-26
2
35
-18
17
16
3
39
-17
14
27
20
-23
-24
1
-4
-20
34
-9
42
-9
28
39
-13
-4
-3
-28
-16
-22
1
-4
-21
13
-28
-11
4
2
28
-67
25
-2
-5
21
-51
-1
25
32
-34
28
33
16
-14
-46
-8
-32
35
10
49
49
6
14
8
-32
52
-6
-6
19
-27
25
20
-7
-5
13
-7
-39
15
-34
15
6
40
18
15
46
64
34
-19
0
20
49
6
35
-19
21
2
9
45
27
-16
15
26
43
1
10
3
-33
27
53
10
11
31
-8
24
8
4
-16
-3
17
-14
2
-13
-5
8
13
1
33
54
53
83
78
137
201
267
340
405
477
636
657
773
868
1007
1118
1077
1092
1092
1019
983
983
864
776
672
514
409
352
303
224
181
125
84
34
78
46
-12
-33
14
3
35
25
-5
24
68
-4
23
-2
21
13
29
9
-12
22
0
23
9
31
20
8
16
-36
46
14
42
-18
26
-31
21
2
7
5
-46
-9
16
16
-1
24
30
31
-21
-19
35
-20
-13
-7
0
-1
45
23
30
-9
39
25
16
-10
41
-23
-14
-5
1
1
11
37
45
39
-26
5
